0.06896551724137931 0.0 0.0 0.06896551724137931 0.034482758620689655 0.0 0.3448275862068966 0.20689655172413793 0.13793103448275862 0.0 0.034482758620689655 0.10344827586206896 0.0 
0.0 0.22916666666666666 0.0 0.0 0.0 0.0 0.041666666666666664 0.041666666666666664 0.08333333333333333 0.0 0.0625 0.4791666666666667 0.0625 
0.0 0.0 0.0 0.0 0.0 0.0 0.14285714285714285 0.5714285714285714 0.0 0.0 0.2857142857142857 0.0 0.0 
0.125 0.0 0.0 0.0 0.0 0.0 0.65625 0.0 0.0 0.1875 0.03125 0.0 0.0 
0.1111111111111111 0.0 0.0 0.1111111111111111 0.0 0.0 0.2222222222222222 0.0 0.4444444444444444 0.0 0.1111111111111111 0.0 0.0 
0.0 0.0 0.0 0.0 0.0 0.0 0.5 0.0 0.0 0.0 0.5 0.0 0.0 
0.0975609756097561 0.18292682926829268 0.024390243902439025 0.04878048780487805 0.036585365853658534 0.0 0.06097560975609756 0.08536585365853659 0.0975609756097561 0.036585365853658534 0.15853658536585366 0.17073170731707318 0.0 
0.02857142857142857 0.02857142857142857 0.02857142857142857 0.34285714285714286 0.0 0.0 0.2 0.0 0.22857142857142856 0.02857142857142857 0.11428571428571428 0.0 0.0 
0.06896551724137931 0.05172413793103448 0.0 0.017241379310344827 0.017241379310344827 0.0 0.3103448275862069 0.017241379310344827 0.0 0.017241379310344827 0.5 0.0 0.0 
0.16666666666666666 0.25 0.0 0.08333333333333333 0.0 0.0 0.08333333333333333 0.0 0.0 0.08333333333333333 0.08333333333333333 0.25 0.0 
0.056818181818181816 0.07954545454545454 0.011363636363636364 0.125 0.0 0.022727272727272728 0.11363636363636363 0.17045454545454544 0.22727272727272727 0.0 0.13636363636363635 0.056818181818181816 0.0 
0.041666666666666664 0.14583333333333334 0.0625 0.0 0.08333333333333333 0.0 0.041666666666666664 0.0 0.20833333333333334 0.0 0.4166666666666667 0.0 0.0 
0.0 0.0 0.0 0.0 0.0 0.0 1.0 0.0 0.0 0.0 0.0 0.0 0.0 
